Weekly Sales,Weekly Sales,,,,,
0.100,0.10,,,,,
3.000,3.10,,,,,
5.200,8.30,,,,,
7.000,15.30,,,,,
5.250,20.55,,,,,
4.900,25.45,,,,,
3.000,28.45,,,,,
2.400,30.85,,,,,
1.900,32.75,,,,,
1.300,34.05,,,,,
0.800,34.85,,,,,
0.600,35.45,,,,,
,,,,,,
,,,,,,
,,,,,,
